8
7
7
7



9

8

8




9
9
9
10
6
6
7
6
7
8
8
8
8


11
9
8
6
6
8
8
5
8
5
8
5
8
5
8
5

8
9
6
10
8
9
8
9
8
10
10
9
7

7




7
7


8
9
8
6
7
6
6
7
9
8
7
9
3

9
7
7
1
4
24
8
7
7
7

7
6
1
7


7


7

3
1
9
8
9
7
7
6
1
7
7
1
9
7
9
9
10
10
1
3
3
5





5
7
7
7
7
7
7
7
7
7
7
7
7
7
7
7
7
5
1
1
7
7
7
7
7
6
7


















9
9
3






3





4
7
7
7
7
7

7


16









6
6
6
6
6
6
6
6
6
6
6
6
6
6
6
6
6
6
6
6
6
6
6
6
5
6
6
6
6
6
6
6
6
6
6
6
6

6
6
8













22
22
22
22
22
22
22
22
22
22
22
22
22
22
22
22
22
22
22
22
22
22
22
22
22
22
22
22
22
22
22
22
22
22
22
22

8
8
8
8















6




9
9
9
9
8
8
8
8
8
7
7
7
8
8
8
8
8
8
8
8
8






2
9
8
